LTO_Info:
    Latitude: 40.2995946
    Longitude: -105.084642
    Elevation: 5049 #feet